foregroundInd = [9409 12017 39796 39797 40315 40316 40317 40318 40319 40320 40321 40322 40834 40835 40836 40837 40838 40839 40842 41353 41354 41355 41356 41357 41358 41359 41360 41361 41362 41363 41872 41873 41874 41875 41876 41877 41878 41879 41880 41881 41882 41883 42390 42391 42392 42393 42394 42395 42396 42397 42398 42399 42400 42401 42402 42403 42404 42909 42910 42911 42912 42913 42914 42915 42916 42917 42918 42919 42920 42921 42922 42923 42924 43429 43430 43431 43432 43433 43434 43435 43436 43437 43438 43440 43441 43442 43443 43950 43951 43952 43953 43954 43955 43956 43957 43958 43959 43960 43961 44469 44470 44471 44472 44473 44474 44475 44476 44477 44478 44479 44480 44481 44989 44990 44991 44992 44993 44994 44995 44996 44997 44998 44999 45000 45507 45508 45509 45510 45511 45512 45513 45514 45515 45516 45517 45518 45519 46026 46027 46028 46029 46030 46031 46032 46033 46034 46035 46036 46037 46038 46545 46546 46547 46548 46549 46550 46551 46552 46553 46554 46555 46556 46557 46558 47064 47065 47066 47067 47068 47069 47070 47071 47072 47074 47075 47076 47077 47078 47583 47584 47585 47586 47587 47588 47589 47590 47591 47592 47593 47594 47595 47596 47597 48102 48103 48104 48105 48106 48107 48108 48109 48110 48112 48113 48114 48115 48116 48623 48624 48625 48626 48627 48628 48629 48630 48631 48632 48633 48634 48635 48636 49142 49143 49144 49145 49146 49147 49148 49149 49150 49151 49152 49153 49154 49155 49156 49661 49662 49663 49664 49665 49666 49667 49668 49669 49670 49671 49672 49673 49674 49675 50180 50181 50182 50183 50184 50185 50186 50187 50188 50189 50190 50193 50194 50195 50700 50701 50702 50703 50704 50705 50706 50707 50708 50709 50710 50712 50713 50714 51217 51218 51219 51220 51221 51222 51223 51224 51225 51226 51227 51228 51229 51230 51231 51232 51233 51234 51235 51736 51737 51738 51739 51740 51741 51742 51743 51744 51745 51746 51747 51748 51750 51751 51752 51753 51754 52256 52257 52258 52259 52261 52262 52263 52264 52265 52267 52268 52269 52270 52271 52272 52776 52777 52780 52781 52782 52783 52784 52785 52786 52787 52789 52790 52791 52792 53297 53298 53299 53300 53301 53302 53303 53304 53305 53307 53308 53309 53310 53311 53814 53815 53816 53817 53818 53819 53820 53821 53822 53823 53824 53825 53826 53827 53828 53829 53830 54333 54334 54335 54337 54339 54340 54341 54342 54343 54344 54345 54346 54347 54348 54349 54851 54852 54853 54854 54855 54859 54860 54861 54862 54863 54864 54865 54866 54867 54868 54869 55371 55372 55373 55374 55375 55376 55377 55379 55380 55381 55382 55383 55384 55385 55386 55387 55388 55389 55892 55893 55894 55895 55896 55897 55898 55899 55900 55901 55902 55905 55906 55907 55908 56408 56409 56410 56411 56412 56413 56414 56416 56417 56418 56419 56420 56422 56425 56927 56928 56929 56930 56931 56932 56933 56934 56935 56936 56937 56938 56939 56940 56944 56945 57447 57448 57449 57450 57451 57452 57453 57454 57455 57456 57457 57458 57459 57460 57463 57967 57969 57970 57971 57972 57973 57974 57975 57976 57977 57978 57979 57980 57982 58488 58489 58490 58491 58492 58493 58494 58495 58496 58497 58498 58499 58500 58502 59005 59006 59007 59008 59009 59010 59011 59012 59013 59014 59015 59016 59017 59018 59019 59020 59526 59527 59528 59529 59530 59531 59532 59533 59534 59535 59536 59537 59538 59539 59540 60047 60048 60049 60050 60051 60052 60053 60054 60055 60056 60057 60058 60059 60060 60061 60568 60569 60570 60571 60573 60574 60575 60576 60577 60578 60579 60580 60581 61089 61090 61091 61092 61093 61094 61095 61096 61098 61099 61100 61611 61612 61613 61614 61615 62134 62135 82013 82527 82528 82533 82534 83047 83048 83049 83054 83055 83566 83567 83568 83569 83574 83575 83576 84086 84087 84089 84090 84093 84095 84096 84098 84605 84606 84609 84610 84611 84612 84613 84614 84615 84616 84618 84619 85125 85126 85129 85130 85131 85132 85133 85134 85136 85138 85139 85645 85646 85647 85648 85649 85650 85651 85652 85653 85654 85655 85656 85657 85658 85659 86164 86165 86166 86167 86168 86171 86172 86173 86174 86176 86177 86178 86179 86180 86684 86685 86686 86687 86690 86691 86692 86693 86694 86696 86697 86698 86699 86700 87205 87206 87210 87211 87212 87214 87216 87217 87218 87220 87724 87725 87726 87729 87730 87731 87732 87733 87734 87737 87738 87740 88244 88245 88249 88250 88251 88252 88253 88254 88255 88258 88260 88763 88764 88765 88768 88769 88770 88771 88773 88774 88775 88777 88778 88780 88781 89283 89284 89285 89286 89288 89289 89291 89292 89294 89295 89297 89298 89299 89300 89804 89805 89806 89807 89808 89809 89810 89811 89812 89814 89815 89818 89819 89820 90324 90325 90326 90327 90328 90329 90330 90331 90334 90335 90337 90338 90339 90340 90844 90845 90846 90847 90848 90849 90850 90854 90855 90856 90857 90858 90859 91364 91365 91366 91367 91368 91369 91375 91376 91377 91378 91379 91381 91884 91885 91886 91887 91888 91889 91895 91896 91897 91898 91899 91900 91901 92405 92406 92407 92408 92409 92415 92416 92418 92419 92420 92421 92924 92925 92926 92927 92928 92929 92935 92936 92937 92938 92939 92940 92941 93444 93445 93446 93447 93448 93449 93455 93456 93457 93458 93459 93460 93461 93963 93964 93966 93967 93968 93969 93975 93976 93977 93978 93979 93980 93981 94483 94484 94486 94487 94488 94489 94495 94496 94497 94498 94499 94500 94501 95003 95004 95006 95007 95008 95009 95010 95015 95016 95017 95018 95019 95020 95021 95523 95524 95527 95529 95530 95535 95536 95537 95538 95539 95540 95541 96043 96044 96047 96048 96049 96050 96054 96055 96056 96057 96058 96059 96060 96061 96563 96567 96568 96569 96570 96574 96576 96577 96578 96579 96580 97082 97083 97086 97087 97088 97089 97090 97094 97095 97096 97097 97099 97100 97602 97603 97605 97606 97607 97608 97609 97610 97611 97613 97614 97615 97616 97617 97619 97620 98122 98123 98125 98126 98128 98129 98131 98132 98133 98135 98136 98139 98140 98643 98645 98646 98648 98649 98651 98652 98653 98655 98656 98657 98659 99163 99165 99166 99169 99171 99172 99175 99176 99178 99179 99683 99685 99686 99688 99689 99690 99691 99692 99694 99695 99696 99698 99699 100203 100204 100205 100206 100208 100209 100210 100211 100215 100216 100217 100218 100219 100723 100724 100725 100726 100727 100728 100729 100730 100731 100733 100734 100735 100736 100737 100738 100739 101244 101245 101246 101247 101248 101249 101250 101251 101252 101253 101255 101256 101257 101258 101259 101764 101765 101766 101767 101768 101769 101770 101771 101773 101774 101775 101777 101778 101779 102284 102285 102286 102287 102288 102289 102290 102291 102294 102295 102297 102298 102299 102803 102804 102805 102807 102808 102809 102810 102811 102814 102815 102818 102819 103324 103325 103327 103328 103330 103331 103332 103334 103337 103338 103844 103845 103847 103848 103851 103854 103855 103858 104362 104363 104364 104365 104367 104368 104370 104371 104372 104373 104374 104376 104377 104378 104883 104884 104885 104887 104888 104890 104891 104892 104894 104895 104897 104898 105404 105405 105407 105408 105409 105410 105411 105412 105414 105417 105418 105925 105926 105927 105928 105929 105930 105931 105932 105933 105934 105935 105937 105938 106445 106446 106447 106448 106449 106450 106451 106452 106454 106457 106458 106965 106966 106967 106968 106969 106970 106972 106973 106974 106975 106976 106977 106978 107485 107486 107487 107488 107489 107490 107491 107492 107493 107494 107495 107496 107497 107498 108005 108006 108007 108008 108009 108010 108011 108012 108013 108014 108015 108017 108018 108524 108525 108528 108529 108530 108531 108532 108533 108536 108537 108538 109046 109047 109049 109050 109051 109052 109053 109056 109057 109058 109568 109569 109570 109571 109572 109573 109574 109576 109577 109578 110090 110091 110092 110093 110094 110095 110096 110097 110098 110612 110614 110615 110619 111133 111134 111136 111138 111139 111655 111656 111657 111658 111659 112176 112177 112178 113224 113225 113744 113745 113746 114265 114266 114267 114786 114787 114788 114789 114790 115307 115308 115309 115310 115311 115828 115829 115830 115831 115832 115833 116349 